5.1000 0.0000 0.0000
10.2000 0.0000 0.0000
15.3000 0.0000 0.0000
20.3000 0.0000 0.0000
25.3000 0.0000 0.0000
30.3000 0.0000 0.0000
35.3000 0.0309 0.0038
40.3000 0.0309 0.0038
45.3000 0.0309 0.0038
50.3000 0.0309 0.0038
55.3000 0.0309 0.0038
60.3000 0.1287 0.0228
65.4000 0.1287 0.0228
70.5000 0.1287 0.0228
75.6000 0.1775 0.0322
80.7000 0.1775 0.0322
85.8000 0.2748 0.0506
90.9000 0.2748 0.0506
96.0000 0.3057 0.0543
101.1000 0.3057 0.0543
106.2000 0.3546 0.0635
111.3000 0.3546 0.0635
116.4000 0.3808 0.0661
121.5000 0.3808 0.0661
126.6000 0.4785 0.0843
131.7000 0.4785 0.0843
136.8000 0.4785 0.0843
141.9000 0.4785 0.0843
147.0000 0.5222 0.0915
152.1000 0.5222 0.0915
157.2000 0.5222 0.0915
162.3000 0.5484 0.0940
167.4000 0.5484 0.0940
172.5000 0.6964 0.1148
177.6000 0.6964 0.1148
182.7000 0.6964 0.1148
187.8000 0.7453 0.1237
192.9000 0.8430 0.1412
198.0000 0.8430 0.1412
203.1000 0.9225 0.1531
208.2000 0.9709 0.1616
213.3000 0.9709 0.1616
218.4000 1.0146 0.1683
223.5000 1.0146 0.1683
228.6000 1.0455 0.1715
233.7000 1.2264 0.2001
238.8000 1.2752 0.2085
243.9000 1.2752 0.2085
249.0000 1.2752 0.2085
254.1000 1.2752 0.2085
259.1000 1.3062 0.2115
264.1000 1.3519 0.2186
269.1000 1.4106 0.2239
274.1000 1.5476 0.2398
279.1000 1.5476 0.2398
284.1000 1.5738 0.2417
289.1000 1.6032 0.2442
294.1000 1.7230 0.2599
299.1000 1.7230 0.2599
304.1000 1.7524 0.2623
309.1000 1.7524 0.2623
314.1000 1.9705 0.2931
319.1000 1.9705 0.2931
324.1000 2.0931 0.3092
329.1000 2.0931 0.3092
334.1000 2.1225 0.3114
339.1000 2.1682 0.3178
344.1000 2.3609 0.3403
349.1000 2.5031 0.3613
354.1000 2.7466 0.3908
359.1000 2.7466 0.3908
364.1000 3.1096 0.4561
369.1000 3.1658 0.4809
374.1000 3.2865 0.5147
379.1000 3.4133 0.5280
384.1000 3.4752 0.5314
389.1000 3.5503 0.5380
394.1000 3.5797 0.5393
399.1000 3.7298 0.5627
404.1000 3.8538 0.5747
409.1000 3.9171 0.5843
414.1000 4.0850 0.6011
419.1000 4.1441 0.6142
424.1000 4.3965 0.6701
429.1000 4.4584 0.6723
434.1000 4.6064 0.7127
439.1000 4.6064 0.7127
444.1000 4.7159 0.7303
449.1000 4.7490 0.7316
454.1000 4.8959 0.7408
459.1000 5.0320 0.7534
464.1000 5.5158 0.8510
469.1000 5.5940 0.8553
474.1000 5.6951 0.8866
479.1000 5.7733 0.8906
484.1000 5.9018 0.9102
489.1000 5.9312 0.9216
494.1000 6.2264 1.1190
499.1000 6.3605 1.1263
504.1000 6.5320 1.1458
509.1000 6.8947 1.2158
514.1000 7.2971 1.2840
519.1000 7.4332 1.2901
524.1000 7.6925 1.3529
529.1000 7.7255 1.3522
534.1000 7.8708 1.3787
539.1000 8.1133 1.4392
544.1000 8.2893 1.4739
549.1000 8.6834 1.5406
554.1000 8.9900 1.5855
559.1000 9.0967 1.6164
564.1000 9.2904 1.6187
569.1000 9.4584 1.6161
574.1000 9.6506 1.6572
579.1000 9.9042 1.7109
584.1000 10.0989 1.7258
589.1000 10.4596 1.8050
594.1000 10.4596 1.8050
599.1000 10.7229 1.8712
604.1000 10.9145 1.8914
609.1000 11.4136 2.0302
614.1000 11.4496 2.0271
619.1000 11.7649 2.0964
624.1000 12.0979 2.1337
629.1000 12.3406 2.1980
634.1000 12.7840 2.3913
639.1000 12.9058 2.3873
644.1000 13.1248 2.4993
649.1000 13.4839 2.5967
654.1000 13.8948 2.7578
659.1000 14.5458 2.9846
664.1000 14.7554 3.0161
669.1000 15.1493 3.3357
674.1000 15.2701 3.3403
679.1000 15.2994 3.3348
684.1000 15.7434 3.4733
689.1000 16.0597 3.6005
694.1000 16.3413 3.7857
699.1000 16.5525 3.8268
704.1000 16.8255 3.9417
709.1000 16.9821 3.9452
714.1000 17.7172 4.2825
719.1000 18.1815 4.3999
724.1000 18.3150 4.4331
729.1000 18.4819 4.4630
734.1000 18.7301 4.5918
739.1000 18.7758 4.5830
744.1000 19.1334 4.7658
749.1000 19.1615 4.7691
754.1000 19.6168 4.9371
759.1000 20.1146 4.9511
764.1000 20.4878 5.0063
769.1000 20.6346 4.9867
774.1000 20.8734 5.0102
779.1000 21.3992 5.1620
784.1000 21.5374 5.1484
789.1000 21.7938 5.2867
794.1000 22.5121 5.5162
799.1000 22.5855 5.5318
804.1000 22.7554 5.5747
809.1000 23.2445 5.7687
814.1000 24.4119 6.3887
819.1000 24.5358 6.3492
824.1000 24.8226 6.3354
829.1000 25.7539 6.6244
834.1000 25.9864 6.7309
839.1000 26.4282 6.8770
844.1000 27.4249 7.2110
849.1000 28.2471 7.4881
854.1000 28.5835 7.6908
859.1000 29.0319 7.8400
864.1000 29.2785 7.9974
869.1000 29.5076 7.9516
874.1000 29.8478 8.2453
879.1000 30.5626 8.4344
884.1000 30.6227 8.4261
889.1000 30.8036 8.5100
894.1000 31.1787 8.6268
899.1000 31.7238 8.5916
904.1000 31.7842 8.5899
909.1000 32.4363 8.9565
914.1000 32.6574 8.9086
919.1000 33.0873 9.0238
924.1000 33.4720 9.1347
929.1000 33.8923 9.1716
934.1000 34.4868 9.3580
939.1000 35.1980 9.5597
944.1000 35.7979 9.4527
949.1000 36.9620 9.7538
954.1000 37.4185 9.9586
959.1000 37.9624 10.0130
964.1000 38.2667 10.1764
969.1000 38.9656 10.3898
974.1000 39.3620 10.4278
979.1000 40.0419 10.5159
984.1000 40.5439 10.7405
989.1000 41.0952 10.7318
994.1000 41.2358 10.6960
999.1000 41.8330 10.6819
1004.1000 43.4445 11.0641
1009.1000 44.1130 11.2160
1014.1000 44.6578 11.3614
1019.1000 45.5837 11.3570
1024.1000 46.3695 11.6350
1029.2000 46.8464 11.6763
1034.3000 47.1539 11.7877
1039.4000 47.4314 11.8386
1044.5000 48.2424 11.8955
1049.6000 48.5839 11.7925
1054.7000 49.6749 12.1975
1059.8000 50.3248 12.2328
1064.9000 50.8581 12.1685
1070.0000 51.4803 12.2958
1075.1000 52.2338 12.4787
1080.2000 52.8550 12.4549
1085.3000 53.0609 12.3157
1090.4000 53.6176 12.2355
1095.5000 53.8062 12.2970
1100.6000 54.8025 12.3457
1105.7000 55.2752 12.3333
1110.8000 55.3212 12.3114
1115.9000 55.6684 12.2675
1121.0000 56.4964 12.2484
1126.1000 57.6282 12.2343
1131.2000 57.9033 12.2486
1136.3000 57.9612 12.2617
1141.4000 58.3706 12.3833
1146.5000 58.7899 12.4680
1151.6000 59.1526 12.5059
1156.7000 59.7238 12.4280
1161.8000 60.2426 12.4632
1166.9000 60.8250 12.3899
1172.0000 61.3663 12.2615
1177.1000 61.8560 12.1801
1182.2000 62.1374 12.2305
1187.3000 62.5587 12.3023
1192.4000 62.8284 12.3637
1197.5000 62.9922 12.3315
1202.6000 63.3331 12.2882
1207.7000 63.4232 12.3074
1212.8000 63.6976 12.2858
1217.9000 64.0582 12.2537
1223.0000 64.6004 12.1198
1228.1000 64.8259 12.0475
1233.2000 65.1760 12.1124
1238.3000 65.4896 12.0205
1243.4000 65.8221 12.0643
1248.5000 66.1129 12.0837
1253.6000 66.6662 12.0092
1258.7000 67.1048 11.8906
1263.8000 67.2158 11.7756
1268.9000 67.4462 11.7677
1274.0000 67.4346 11.7593
1279.1000 67.6349 11.7621
1284.2000 68.0676 11.7353
1289.3000 68.0918 11.6712
1294.4000 68.5282 11.6791
1299.5000 68.7324 11.5979
1304.6000 69.0251 11.4784
1309.7000 69.4959 11.2896
1314.8000 69.6966 11.2899
1319.9000 69.6660 11.2746
1325.0000 70.0501 11.3390
1330.1000 70.3614 11.3310
1335.2000 70.6314 11.1670
1340.3000 70.8514 11.0720
1345.4000 71.1541 10.9471
1350.5000 71.4167 11.0268
1355.6000 71.6594 11.0533
1360.7000 71.9876 10.9846
1365.8000 72.0111 10.9568
1370.9000 72.2111 10.8648
1376.0000 72.4047 10.8041
1381.1000 72.4680 10.7723
1386.2000 72.4151 10.7143
1391.3000 72.9559 10.5311
1396.4000 73.4733 10.2999
1401.5000 73.7102 10.2962
1406.6000 73.6494 10.2730
1411.7000 73.6758 10.2681
1416.8000 73.8484 10.2197
1421.9000 73.9378 10.0522
1427.0000 74.1082 9.9698
1432.1000 74.9900 9.6733
1437.2000 75.2828 9.5682
1442.3000 75.3512 9.5825
1447.4000 75.5792 9.4480
1452.5000 75.9927 9.3499
1457.6000 76.1835 9.2676
1462.7000 76.3798 9.2304
1467.8000 76.4183 9.1275
1472.9000 76.8040 9.0787
1478.0000 76.9848 9.0337
1483.1000 77.1505 8.8946
1488.2000 77.0855 8.8981
1493.3000 77.2146 8.8997
1498.4000 77.3783 8.9158
1503.5000 77.7577 8.5937
1508.6000 77.7485 8.5834
1513.7000 78.0160 8.4438
1518.8000 78.0232 8.4445
1523.9000 78.6353 8.1712
1529.0000 78.6285 8.1681
1534.1000 78.8405 8.1119
1539.2000 78.8372 8.1170
1544.3000 78.8778 8.1151
1549.4000 79.1023 7.9565
1554.5000 79.3394 7.8048
1559.6000 79.3571 7.7572
1564.7000 79.5029 7.6360
1569.8000 80.1707 7.1858
1574.9000 80.4768 7.0268
1580.0000 80.8843 6.8896
1585.1000 81.4160 6.5688
1590.2000 81.6023 6.5091
1595.3000 81.6316 6.5181
1600.4000 81.8017 6.4013
1605.5000 82.4101 6.0805
1610.6000 83.1383 5.6429
1615.7000 83.2721 5.6349
1620.8000 83.3745 5.5382
1625.9000 83.4570 5.5505
1631.0000 83.6421 5.4985
1636.1000 83.9705 5.3577
1641.2000 84.1269 5.3736
1646.3000 84.0627 5.3253
1651.4000 84.0897 5.3301
1656.5000 83.9797 5.3052
1661.6000 84.1145 5.2925
1666.7000 84.1590 5.3037
1671.8000 84.1620 5.2974
1676.9000 84.1896 5.2930
1682.0000 84.2830 5.3069
1687.1000 84.2366 5.3092
1692.2000 84.5562 5.0711
1697.3000 84.3786 5.0515
1702.4000 84.8500 4.7783
1707.5000 84.8109 4.7626
1712.6000 85.2185 4.8020
1717.7000 85.3406 4.6854
1722.8000 85.3866 4.5729
1727.9000 85.6773 4.3848
1733.0000 85.7244 4.2882
1738.1000 85.9692 4.1212
1743.2000 86.0824 4.1155
1748.3000 86.4704 3.9115
1753.4000 86.4496 3.9194
1758.5000 86.6393 3.7928
1763.6000 86.7071 3.7908
1768.7000 86.6156 3.7826
1773.8000 86.6418 3.7999
1778.9000 86.7969 3.7043
1784.0000 87.0348 3.5611
1789.1000 87.1074 3.5825
1794.2000 87.5220 3.4175
1799.3000 87.6823 3.3949
1804.4000 87.6496 3.4035
1809.5000 87.7433 3.4032
1814.6000 87.7492 3.4063
1819.7000 87.8571 3.2977
1824.8000 87.9623 3.2867
1829.9000 87.8998 3.2872
1835.0000 87.8018 3.2696
1840.1000 87.9935 3.2654
1845.2000 88.1049 3.1837
1850.3000 88.0820 3.1921
1855.4000 88.1509 3.1991
1860.5000 88.1103 3.1970
1865.6000 87.9285 3.1992
1870.7000 87.9866 3.1857
1875.8000 88.0665 3.1467
1880.9000 88.2545 3.1288
1886.0000 88.2295 3.1279
1891.1000 88.6704 2.9732
1896.2000 88.8248 2.9766
1901.3000 89.2506 2.6606
1906.4000 89.1811 2.6503
1911.5000 89.1766 2.6555
1916.6000 89.1935 2.6554
1921.7000 89.2666 2.6556
1926.8000 89.2656 2.5982
1931.9000 89.3905 2.6212
1937.0000 89.4508 2.6171
1942.1000 89.5801 2.6167
1947.2000 89.4864 2.6156
1952.3000 89.4075 2.6181
1957.4000 89.7961 2.5332
1962.5000 89.9403 2.3383
1967.6000 89.8813 2.3522
1972.7000 90.0142 2.3383
1977.8000 89.7203 2.3818
1982.9000 89.7835 2.3418
1988.0000 90.0117 2.3446
1993.1000 90.0350 2.3405
1998.2000 90.0383 2.3406
2003.3000 90.0283 2.3284
2008.4000 90.1524 2.3192
2013.5000 90.0584 2.3249
2018.6000 89.8908 2.3482
2023.7000 90.0175 2.3318
2028.8000 90.2517 2.1325
2033.9000 90.2388 2.1337
2039.0000 90.1755 2.0843
2044.1000 90.0659 2.0678
2049.2000 90.1656 2.0666
2054.3000 90.4133 1.9258
2059.4000 90.3527 1.9253
2064.5000 90.4447 1.8673
2069.6000 90.2240 1.8841
2074.7000 90.3168 1.8567
2079.8000 90.2473 1.8486
2084.9000 90.2159 1.8633
2090.0000 90.4842 1.8554
2095.1000 90.3934 1.8508
2100.2000 90.1687 1.8804
2105.3000 90.2898 1.8422
2110.4000 90.1864 1.8721
2115.5000 90.3997 1.8518
2120.6000 90.4059 1.8392
2125.7000 90.5383 1.8368
2130.8000 90.8122 1.7235
2135.9000 90.7816 1.7226
2141.0000 90.7378 1.7249
2146.1000 90.6993 1.7221
2151.2000 90.6005 1.7084
2156.3000 90.6370 1.7078
2161.4000 90.7433 1.6956
2166.5000 90.8379 1.6911
2171.6000 90.6373 1.7206
2176.7000 90.8217 1.6624
2181.8000 90.7801 1.6593
2186.9000 90.8231 1.6586
2192.0000 91.0094 1.5841
2197.1000 90.9600 1.5824
2202.2000 91.1066 1.3796
2207.3000 91.0882 1.3750
2212.4000 91.0954 1.3702
2217.5000 91.0298 1.3687
2222.6000 91.1417 1.3607
2227.7000 91.6137 1.0709
2232.8000 91.6479 1.0885
2237.9000 91.6779 1.0880
2243.0000 91.6970 1.0906
2248.1000 91.6495 1.0897
2253.2000 91.5434 1.1111
2258.3000 91.5916 1.0922
2263.4000 91.5584 1.0961
2268.5000 91.4226 1.0918
2273.6000 91.8263 0.8797
2278.7000 91.7987 0.8852
2283.8000 91.6967 0.8954
2288.9000 91.8249 0.8828
2294.0000 91.7071 0.8945
2299.1000 91.6339 0.8991
2304.2000 91.8701 0.8784
2309.3000 91.7180 0.8849
2314.4000 91.7075 0.8689
2319.5000 91.7787 0.8779
2324.6000 91.9195 0.9046
2329.7000 91.9627 0.8846
2334.8000 92.0051 0.8730
2339.9000 92.0436 0.8720
2345.0000 92.0629 0.7461
2350.1000 92.1854 0.7335
2355.2000 92.0260 0.7441
2360.3000 92.0395 0.7443
2365.4000 92.0975 0.7355
2370.5000 92.1978 0.7409
2375.6000 92.2121 0.7519
2380.7000 92.2421 0.7466
2385.8000 92.1822 0.7438
2390.9000 92.0774 0.7450
2396.0000 92.1695 0.7394
2401.1000 92.2349 0.7436
2406.2000 92.1658 0.7448
2411.3000 92.3105 0.7368
2416.4000 92.3129 0.7406
2421.5000 92.2104 0.7501
2426.6000 92.3204 0.7401
2431.7000 92.3776 0.7431
2436.8000 92.4417 0.7343
2441.9000 92.3896 0.7382
2447.0000 92.4930 0.7198
2452.1000 92.4001 0.7227
2457.2000 92.3672 0.7264
2462.3000 92.3552 0.7377
2467.4000 92.3329 0.7307
2472.5000 92.1710 0.7401
2477.6000 92.1104 0.7380
2482.7000 92.2468 0.7377
2487.8000 92.2488 0.7449
2492.9000 92.2658 0.7434
2498.0000 92.3747 0.7346
2503.1000 92.5208 0.7253
2508.2000 92.6369 0.6579
2513.3000 92.4568 0.6706
2518.4000 92.4334 0.6765
2523.5000 92.4467 0.6656
2528.6000 92.2996 0.6621
2533.7000 92.3596 0.6617
2538.8000 92.2789 0.6660
2543.9000 92.3728 0.6474
2549.0000 92.3754 0.6589
2554.1000 92.3654 0.6661
2559.2000 92.3627 0.6427
2564.3000 92.2501 0.6426
2569.4000 92.3262 0.6443
2574.5000 92.1418 0.6522
2579.6000 92.2006 0.6504
2584.7000 91.9717 0.6717
2589.8000 92.2431 0.6524
2594.9000 92.0961 0.6679
2600.0000 91.9130 0.6800
2605.1000 92.2359 0.6485
2610.2000 92.2431 0.6576
2615.3000 92.3358 0.6526
2620.4000 92.2548 0.6603
2625.5000 92.2668 0.6608
2630.6000 92.2386 0.6625
2635.7000 92.4706 0.6512
2640.8000 92.4506 0.6590
2645.9000 92.5341 0.6230
2651.0000 92.6456 0.6080
2656.1000 92.5845 0.6147
2661.2000 92.5325 0.6170
2666.3000 92.7984 0.6063
2671.4000 92.6226 0.6673
2676.5000 92.9338 0.5967
2681.6000 92.8941 0.6272
2686.7000 92.9817 0.5366
2691.8000 92.9440 0.5228
2696.9000 92.9289 0.5260
2702.0000 92.9001 0.5209
2707.1000 92.7816 0.5230
2712.2000 92.6249 0.5653
2717.3000 92.7756 0.5264
2722.4000 92.7844 0.5313
2727.5000 92.6093 0.5316
2732.6000 92.4474 0.5394
2737.7000 92.3108 0.5581
2742.8000 92.3719 0.5272
2747.9000 92.3217 0.5194
2753.0000 92.3051 0.5250
2758.1000 92.2015 0.5361
2763.2000 92.3179 0.5333
2768.3000 92.3632 0.5426
2773.4000 92.5212 0.5282
2778.5000 92.4400 0.5371
2783.6000 92.5397 0.5421
2788.7000 92.4534 0.5301
2793.8000 92.4653 0.5267
2798.9000 92.5578 0.5214
2804.0000 92.5619 0.5332
2809.1000 92.5317 0.5284
2814.2000 92.6064 0.5208
2819.3000 92.5288 0.5414
2824.4000 92.7670 0.5139
2829.5000 92.8325 0.5074
2834.6000 92.7041 0.5371
2839.7000 92.8320 0.5189
2844.8000 92.7393 0.5198
2849.9000 92.8398 0.5222
2855.0000 92.8401 0.5196
2860.1000 92.7111 0.5430
2865.2000 92.8078 0.5156
2870.3000 92.7540 0.5177
2875.4000 92.7066 0.5257
2880.5000 92.6510 0.5220
2885.6000 92.7660 0.5140
2890.7000 92.5671 0.5134
2895.8000 92.6711 0.5189
2900.9000 92.6130 0.5291
2906.0000 92.6280 0.5211
2911.1000 92.5880 0.5195
2916.2000 92.6188 0.4097
2921.3000 92.5601 0.4227
2926.4000 92.6403 0.4185
2931.5000 92.5945 0.4170
2936.6000 92.7150 0.4118
2941.7000 92.5577 0.4291
2946.8000 92.7298 0.4211
2951.9000 92.7370 0.4121
2957.0000 92.7631 0.4069
2962.1000 92.6931 0.4081
2967.2000 92.6267 0.4258
2972.3000 92.6086 0.4308
2977.4000 92.7899 0.4091
2982.5000 92.6736 0.4199
2987.6000 92.6690 0.4127
2992.7000 92.8968 0.4125
2997.8000 92.8021 0.4236
3002.9000 92.7790 0.4213
3008.0000 92.6940 0.4484
3013.1000 92.6867 0.4388
3018.2000 92.7835 0.4153
3023.3000 92.7551 0.4211
3028.4000 92.7464 0.4269
3033.5000 92.6821 0.4256
3038.6000 92.6788 0.4201
3043.7000 92.6964 0.4168
3048.8000 92.5422 0.4293
3053.9000 92.4411 0.4416
3059.0000 92.4265 0.4390
3064.1000 92.3544 0.4346
3069.2000 92.5151 0.2848
3074.3000 92.5021 0.2977
3079.4000 92.4925 0.2938
3084.5000 92.5637 0.2741
3089.6000 92.4556 0.2778
3094.7000 92.4437 0.2681
3099.8000 92.5300 0.2375
3104.9000 92.4019 0.2488
3110.0000 92.4824 0.2259
3115.1000 92.4378 0.2296
3120.2000 92.6075 0.2379
3125.3000 92.5467 0.2219
3130.4000 92.6233 0.2072
3135.5000 92.6314 0.2139
3140.6000 92.6790 0.2070
3145.7000 92.7082 0.2037
3150.8000 92.7607 0.2040
3155.9000 92.7093 0.1992
3161.0000 92.7356 0.1989
3166.1000 92.5931 0.2375
3171.2000 92.6889 0.2153
3176.3000 92.7249 0.2205
3181.4000 92.6982 0.2169
3186.5000 92.7442 0.2084
3191.6000 92.7538 0.2154
3196.7000 92.6788 0.2251
3201.8000 92.6024 0.2155
3206.9000 92.5340 0.2213
3212.0000 92.4581 0.2288
3217.1000 92.3909 0.2412
3222.2000 92.3649 0.2491
3227.3000 92.3700 0.2326
3232.4000 92.3878 0.2275
3237.5000 92.2493 0.2503
3242.6000 92.3473 0.2352
3247.7000 92.3273 0.2200
3252.8000 92.1507 0.2475
3257.9000 92.2348 0.2234
3263.0000 92.1810 0.2321
3268.1000 92.2757 0.2155
3273.2000 92.2735 0.2212
3278.3000 92.2544 0.2418
3283.4000 92.4381 0.2218
3288.5000 92.4816 0.2105
3293.6000 92.4091 0.2213
3298.7000 92.2955 0.2322
3303.8000 92.2491 0.2211
3308.9000 92.2846 0.2194
3314.0000 92.1983 0.2186
3319.1000 92.0564 0.2160
3324.2000 91.8812 0.2269
3329.3000 91.9147 0.2464
3334.4000 91.9280 0.2350
3339.5000 91.9206 0.2583
3344.6000 91.9901 0.2379
3349.7000 92.0455 0.2229
3354.8000 92.0508 0.2297
3359.9000 92.0777 0.2266
3365.0000 92.0619 0.2289
3370.1000 91.9538 0.2464
3375.2000 91.9649 0.2428
3