22
70
3136
3753
4029
4762
5327
5481
5591
5768
7396
7591
8439
8762
9403
11131
11778
12002
12436
14418
15078
15405
15475
15598
16966
17568
20098
21628
22440
23645
24113
25017
28419
28749
32220
33282
35402
36446
37578
38517
39754
41147
42505
43488
44180
44450
45907
48153
48344
51880
52770
54008
55182
55954
57206
57570
58405
59004
61667
61959
62324
64524
65139
65221
66755
68831
69034
69431
70094
71182
73906
75983
76388
77544
78002
78051
78463
78802
79009
79480
80454
81605
82509
83744
84181
88804
89848
90521
90972
91016
91050
91584
92367
92522
94176
95187
96212
96617
98682
98820
